# mtllib path corrected
# Blender v2.83.0 OBJ File: ''
# www.blender.org
mtllib ./assets/3d_models/cubes_for_cornell_box.mtl
o Big_Cube
v 0.259406 -2.257769 -0.044782
v 0.259406 0.291747 -0.044782
v -0.543517 -2.257769 1.107408
v -0.543517 0.291747 1.107408
v -0.892785 -2.257769 -0.847705
v -0.892785 0.291747 -0.847705
v -1.695708 -2.257769 0.304485
v -1.695708 0.291747 0.304485
vn 0.8204 0.0000 0.5717
vn -0.5717 0.0000 0.8204
vn -0.8204 0.0000 -0.5717
vn 0.5717 0.0000 -0.8204
vn 0.0000 -1.0000 0.0000
vn 0.0000 1.0000 0.0000
usemtl Grey_Diffuse
s off
f 2//1 3//1 1//1
f 4//2 7//2 3//2
f 8//3 5//3 7//3
f 6//4 1//4 5//4
f 7//5 1//5 3//5
f 4//6 6//6 8//6
f 2//1 4//1 3//1
f 4//2 8//2 7//2
f 8//3 6//3 5//3
f 6//4 2//4 1//4
f 7//5 5//5 1//5
f 4//6 2//6 6//6
o Small_Cube
v 1.091820 -2.252130 0.661196
v 1.091820 -0.847769 0.661196
v 0.637641 -2.252130 -0.667695
v 0.637641 -0.847769 -0.667695
v 2.420711 -2.252130 0.207016
v 2.420711 -0.847769 0.207016
v 1.966532 -2.252130 -1.121874
v 1.966532 -0.847769 -1.121874
vn -0.9463 0.0000 0.3234
vn -0.3234 0.0000 -0.9463
vn 0.9463 0.0000 -0.3234
vn 0.3234 0.0000 0.9463
vn 0.0000 -1.0000 0.0000
vn 0.0000 1.0000 -0.0000
usemtl White_Diffuse
s off
f 10//7 11//7 9//7
f 12//8 15//8 11//8
f 16//9 13//9 15//9
f 14//10 9//10 13//10
f 15//11 9//11 11//11
f 12//12 14//12 16//12
f 10//7 12//7 11//7
f 12//8 16//8 15//8
f 16//9 14//9 13//9
f 14//10 10//10 9//10
f 15//11 13//11 9//11
f 12//12 10//12 14//12
o Plane
v 0.976703 2.565834 0.812868
v -1.109708 2.569908 0.812868
v 0.976703 2.565834 -1.273546
v -1.109708 2.569908 -1.273546
vn -0.0020 -1.0000 0.0000
usemtl Emissive_Plane
s off
f 18//13 19//13 17//13
f 18//13 20//13 19//13
o Rotated_Cube
v 1.340113 -1.730103 -1.831914
v 0.573624 -2.329767 -1.882556
v 1.041196 -1.279559 -2.642669
v 0.274707 -1.879222 -2.693311
v 0.817801 -1.107946 -1.293604
v 0.051313 -1.707610 -1.344246
v 0.518884 -0.657402 -2.104359
v -0.247605 -1.257065 -2.155001
vn 0.5360 -0.6384 -0.5524
vn -0.3067 0.4623 -0.8320
vn -0.5360 0.6384 0.5524
vn 0.3067 -0.4623 0.8320
vn 0.7865 0.6153 0.0520
vn -0.7865 -0.6154 -0.0520
vn 0.7865 0.6154 0.0520
usemtl Reflect_White
s off
f 22//14 23//14 21//14
f 24//15 27//15 23//15
f 28//16 25//16 27//16
f 26//17 21//17 25//17
f 27//18 21//18 23//18
f 24//19 26//19 28//19
f 22//14 24//14 23//14
f 24//15 28//15 27//15
f 28//16 26//16 25//16
f 26//17 22//17 21//17
f 27//20 25//20 21//20
f 24//19 22//19 26//19
